124212
45038
60666
70518
78634
127455
371369
127576
105881
114954
96807
110570
106500
171497
108984
68830
87711
58070
49547
59677
71505
73920
75687
79206
83022
81504
69506
110372
107329
73747
103341
81192
98480
48830
161107
49459
49782
51265
55044
55395
63790
60745
65783
69985
161335
73852
74106
76606
78950
76429
78974
89978
92630
86537
118671
123793
119710
177203
107409
108128
108540
121018
127262
121763
129718
137291
127257
134870
130882
153669
142061
143912
150265
169202
174344
211456
165079
166017
207971
231654
186382
183938
189032
187966
181841
201338
206951
207586
202416
222530
213951
222751
240044
238831
241222
238328
259879
293652
319167
330989
315850
296920
326487
317714
282612
291170
294611
282521
294874
314648
325465
321358
319835
315186
325818
335322
331483
351946
352356
359223
351615
381147
382944
368189
372058
378488
379948
565372
381279
386317
393995
383309
405670
381375
395611
399054
405628
413669
428865
449849
401945
447331
443594
447885
455900
457013
448588
475349
473146
485115
471805
508954
483918
507259
526058
516913
495554
524985
510907
563614
528426
544014
549217
558611
555966
579612
590703
585516
583242
578239
593418
605831
667449
642330
633276
649018
623414
642171
638528
672573
654773
687948
688751
709522
723958
714099
697584
703665
737891
726193
744293
765011
786554
741099
916648
788049
730479
752779
820565
810235
799817
784289
794295
858281
841482
812414
830031
772661
897802
893048
857522
909354
882102
914129
874750
894811
937139
917754
962952
938501
971422
960308
1028843
1041596
993417
1004287
989530
970444
1122177
1028939
1080428
1040132
1126288
1096212
1006040
1125217
1061920
1098750
1133288
1080882
1138380
1182182
1116184
1185867
1166540
1153927
1130672
1476561
1352699
1163923
1185730
1239138
1258751
1230205
1201481
1248825
1313134
1272319
1227560
1237152
1273700
1231914
1249530
1384426
1295851
1333582
1361243
1349990
1320354
1391047
1371312
1386324
1386549
1413152
1426643
1412230
1368458
1478933
1493069
1424445
1483808
1430116
1439498
1580789
1556205
1605311
1512613
1574327
1539139
1617989
1527515
1627413
1612695
1557451
1669541
1609247
1618066
1647667
1599379
1694961
