146740
69066
103818
203545
185376
272527
299971
226858
290120
460715
315242
233661
278129
353341
301134
533290
309700
341670
409786
326706
227005
218700
281261
204624
233039
232246
242471
217384
224847
240662
264873
289383
313094
547290
376140
395357
440317
796759
540672
569087
794063
607130
647009
794413
911184
783151
1034405
918521
1082106
1049937
1137903
1363790
1583190
1551614
1521527
1603733
1759504
1813872
1908737
2118429
2435201
2543934
2643813
2678189
2725811
2868221
3089041
3230079
3415402
4026545
5318623
4753781
4184201
4365499
4683958
4865444
5085992
5389068
5864932
8348072
7926255
6666766
6843778
7205364
7577269
7891097
8278112
8665710
8949154
9405997
9995984
10281457
10719711
11139237
11578096
12281041
12547496
13048003
13921211
14400644
14966718
15274770
15943584
16587905
17254648
17861611
18283581
19747717
20302955
21039532
21845435
22913434
22956026
24190094
24863263
27743234
30574097
28115282
28620525
32195672
30688846
31492489
33010475
33943611
35222642
36195252
37455918
37253616
37162864
37822141
39848370
41018623
42697964
43577493
45372564
47270138
47890877
49522505
51303150
54050787
53190915
55674003
59700730
61838638
60872311
62591988
65208435
66328033
68920188
70753354
71762718
73607541
75545371
80820766
80572410
84832718
85558757
92863966
89594521
94258697
96167986
98772581
101281709
102891359
105608956
108510111
111349020
114385600
116273983
119465677
123159991
126411151
128984754
140006728
186954266
175218835
144882233
148454133
151271481
157034536
160627416
161729085
165140127
171280335
176850230
178043091
182938682
185421920
191706651
198406728
206359450
211080539
213954630
219981549
221304580
228458769
270045296
239463939
243445241
247434401
251327298
260757282
266491377
271013080
277361450
287394105
290992038
295766409
305958177
322823611
326319680
333720119
345294967
375665480
384982692
404578539
389052940
406862188
419801777
426605851
437695474
454285530
469692273
475892566
487202206
487211128
512753489
523736115
533506422
528502287
537494897
575437187
593282291
534972886
541434169
564690670
571183654
567321043
577456152
586969125
602396526
614218281
615883751
621552814
647227308
666427099
676518047
685503379
700068909
708758952
734998741
735050833
750762272
755653599
775007911
790430312
807853002
835648475
840208381
846633650
862812320
887194862
901114310
919795516
972075000
998513543
1016097047
971227657
990610761
1024283353
1021002639
1050699516
1081533447
1077057208
1094492592
1121622292
1202723034
1212046821
1246950191
1223734994
1252520502
1261892071
1298333726
1327265324
1349677424
1341166966
1384405995
1419516661
1450829319
1479272168
1462086879
1489222816
1514041621
1513332418
1537364105
1552137241
1574908408
1623062513
1632041812
1723884968
