116645
36806
55405
65514
74904
95752
131406
164256
229072
149722
65092
65319
81951
61093
67805
68311
99520
67829
202955
90220
102195
61938
65469
69638
72006
238357
76836
80572
73057
63677
65542
58450
67515
71077
73057
66764
87441
55447
57692
62284
130292
109682
38950
59015
188054
44164
47694
48518
50432
51057
52789
55408
54573
60803
59878
61942
64219
68001
66586
69397
71496
73431
77981
78215
79273
83614
85747
87567
93643
94100
354797
100099
102142
103162
103825
110796
108145
143017
146052
153860
147721
123220
128769
130110
132234
137217
143775
144732
148454
226491
151422
155976
156091
161508
168401
167053
173174
171327
200475
249549
205909
211992
317142
188030
198824
266556
282357
286450
294646
288790
298239
307647
315560
315672
324094
335307
332769
339861
352841
358987
348749
352457
412000
418513
373940
437953
429178
625854
469640
438351
393876
411522
396932
406385
407873
417776
418454
419187
425776
431594
424715
453252
453661
467262
459723
473967
478688
468474
502976
501247
515079
492440
519926
481855
373937
380222
374649
404649
393950
394529
396747
527975
394254
405264
405222
427819
424781
426984
433445
515090
447508
446191
448890
461322
453982
558255
466613
472689
489364
492862
493683
543477
496746
509537
498446
512907
522549
527689
531760
531537
539848
547548
568403
558667
553778
631169
592571
575195
587173
607891
654409
597289
596196
604203
623860
615123
631466
709486
650480
650348
698081
664815
669498
675295
666596
725242
677568
700881
735558
705205
710621
719857
732568
725127
724575
749805
790376
763574
769930
779327
930914
782089
799480
809628
819095
856393
809279
869988
1388765
828670
881459
889669
902705
900233
888206
889041
890678
1049438
903023
1175854
1094636
1346337
1236012
1038952
947892
941966
961689
937703
943269
1012750
1007223
994658
1022951
1004383
1063344
1040952
1059911
1009300
1079023
1077371
1201710
1092928
1166370
1114069
1086573
1302707
1525937
1089080
1297616
1238174
1174335
1136618
1229049
1332379
1241774
1242714
1205006
1217378
1367226
1205547
1275902
1335037
1274386
1311315
1248765
1304865
1336395
1309653
1327696
1287702
1385462
1285812
1356593
1462672
1432685
1520790
1465661
1362236
1392010
1390777
1505219
1365400
1378387
1409795
1496346
1409561
1380908
1417729
1415263
1461372
1609370
1454245
1683768
2038646
1547993
1570985
1627088
1630277
1665735
1844001
1712305
1853322
2215484
1833511
1719586
2045776
1791935
1644996
1693298
1695072
1707242
1672981
1761896
1724437
1801615
1757664
1951400
1755261
1844906
1884171
1768105
1725942
1846348
1775791
1727150
1854582
1992798
1809074
2081577
1841599
1927109
1875406
1890827
1907341
1970055
1981156
1934278
1918602
1950932
1974262
2321230
2119903
2578553
2052076
2196476
2120842
2779099
2062137
2331508
1994723
2018650
2002845
2421002
2830318
2385132
2435351
2539390
2393031
2229658
2339948
2295742
2255440
2357419
2330149
2369442
2297188
2604161
2356692
2486213
2403605
2361655
2340643
2454544
2345926
2436071
2379108
2725454
2444713
2533789
2448055
2447112
2419483
2412827
2404981
2528198
2349038
2587004
2408490
2371858
2393715
2456670
2408919
2423988
2402673
2437341
2719036
2759072
2604587
2615950
3179769
2690286
2750995
2659091
2741333
2762023
2801085
2765770
2746955
2813824
2853850
2847841
3010826
2955938
2627404
2612909
2918318
2995772
3768132
3971353
3151919
2981933
3099308
3165891
3010847
3061796
3489273
3135087
3083279
3197442
2881707
4070433
3177635
3368183
3046808
2951188
3036727
3198856
3125963
3456071
3214015
3180662
4397119
3507533
4684167
3240820
3258961
3028835
3005822
3000116
3016958
3137560
3031890
3134239
3292691
3104008
3132734
3112001
3104504
3155642
3151947
3279079
3148581
3256143
3194288
3421451
3677663
3463485
3929599
3588927
3682640
