62088
7563
10851
14138
18123
21273
26036
29566
381652
157459
154482
158323
261718
128545
235029
94616
245443
98823
150724
149667
184308
140024
128845
160493
146087
175017
130866
73256
98234
116004
195979
101695
103555
103888
115622
116651
113226
124599
317184
176169
182376
185437
187989
206536
226953
248178
209875
225901
296718
292956
351185
560865
327699
337664
338313
340932
386899
402672
507618
664402
474915
492672
500494
533694
530209
569089
577463
565504
667615
686274
766833
791322
834279
897793
1138475
782383
776386
844593
924214
950402
993524
1100824
1045624
1038435
1068310
1069474
1104763
1286246
1452449
1506027
1473699
1492820
1425241
1375691
1424410
1545343
1441635
1484534
1690980
1747489
1826775
1776860
1784211
1826771
1895713
1871010
2058504
2247741
2242922
2131188
2219625
2255933
2243246
2290507
2362181
2392438
2417902
2444971
2588595
2784984
2771311
2803424
2776014
2805240
2927599
2926398
3027950
3532914
3457821
3553943
3408708
3421391
3554225
3666925
3546414
3627854
3676971
3689470
4116512
4275601
4192455
4218797
4269411
4303037
4415503
4469818
4538347
4434306
4862270
4994168
4973705
5079444
5135576
5292423
5283243
5191556
5486652
5313569
5874585
5918704
5851426
5819119
5992815
6048255
6220141
6142482
6303774
6514515
6737386
7042545
7067127
7088380
7125182
7346302
7356815
7367438
8259881
7380738
8608231
8163179
8282563
8634314
8229661
8309757
8428148
8756918
8540022
8739900
9430258
9144773
9265824
9279210
9761099
9522612
9717651
10157997
9820271
10004589
10952796
10659232
10447366
10891648
12193086
11052583
11183521
10951653
11061916
11167656
12016781
12062413
12364351
12439957
12190877
12843723
12912645
13105458
12966404
12938512
13435998
13906693
14277628
13253156
13513829
14061380
14169639
14216838
14066684
14517642
15053983
15248147
15958863
15442499
15902655
16249433
16334360
16106431
16489960
15887034
18162866
17762293
18082641
17018260
17605660
18635952
17666962
17654582
18048028
18974323
18946538
19428178
20211343
19406331
20113914
20496146
20090862
19528963
20026154
20089610
21589481
21057135
21855819
22618185
21189293
21398212
21117142
21815567
22026667
22052531
22976233
23367384
22845104
24540208
23950654
24073151
24066133
23943114
24388052
24834517
25555558
25033760
25092324
25791822
25816660
25897779
26167645
26900911
27510614
26139818
28207015
28387734
27860982
28565057
28912831
28660029
28761348
30320068
29389330
29091562
29614028
31165580
