100.0
100.0
100.0
100.0
100.0
100.0
100.0
100.0
100.0
100.0
100.0
100.0
100.0
100.0
99.5
99.5
99.0
98.5
96.0
95.5
94.5
94.5
93.0
94.0
93.5
92.5
89.0
89.0
92.5
92.0
92.0
87.0
93.5
92.0
94.0
93.0
93.0
93.0
89.5
89.5
84.5
90.0
86.0
87.0
89.5
85.0
87.0
86.0
82.0
78.5
77.0
80.0
83.0
74.5
75.0
76.5
74.0
77.0
73.5
72.5
65.5
73.5
71.5
69.0
59.5
68.0
64.5
63.5
59.5
57.5
58.5
59.0
56.5
60.5
48.0
57.0
55.0
58.0
61.0
53.0
56.5
53.0
54.5
50.0
45.5
49.5
49.0
57.0
54.0
42.5
46.5
52.0
54.0
47.0
45.5
48.0
50.5
48.0
50.0
45.5
48.5
44.5
50.0
57.5
50.5
49.0
50.5
41.5
43.5
43.5
50.0
45.5
43.5
43.0
42.0
45.0
47.5
42.0
49.0
53.0
45.5
44.0
49.0
43.5
45.0
44.5
52.0
45.0
44.0
48.0
37.0
45.5
36.5
38.0
47.0
44.5
32.0
47.5
44.0
43.0
41.5
44.5
37.0
39.0
42.5
44.0
53.5
36.0
39.5
38.5
