100.0
100.0
100.0
100.0
100.0
100.0
100.0
100.0
100.0
100.0
100.0
100.0
100.0
100.0
99.0
99.0
99.5
97.0
97.0
92.0
96.0
92.5
91.0
94.0
93.0
93.5
95.0
94.0
92.5
90.0
95.5
92.0
88.0
91.0
89.5
93.0
93.0
95.5
89.5
93.0
92.0
90.5
88.0
89.0
87.0
88.0
90.0
87.5
84.0
85.0
83.0
84.0
80.5
80.5
81.0
76.0
77.0
84.0
76.0
67.5
73.0
73.0
74.0
71.0
63.5
66.0
68.5
67.5
64.5
66.0
67.0
62.0
59.5
56.0
68.0
65.0
58.0
63.5
61.5
58.5
56.0
59.0
60.0
57.0
60.0
60.0
60.5
57.5
55.0
53.5
52.0
56.5
49.5
53.5
54.0
57.5
53.5
56.5
55.0
52.5
55.5
55.0
52.5
51.5
44.0
50.5
57.0
59.5
49.5
47.5
55.5
52.0
61.5
55.0
53.5
48.5
51.5
54.0
52.5
47.5
51.5
48.5
52.5
49.0
55.0
48.5
51.0
43.0
49.0
45.5
53.0
46.5
45.0
48.0
46.5
44.5
49.5
47.5
47.5
50.0
53.5
45.5
50.5
46.5
46.0
48.0
44.0
44.5
44.5
49.0
