16.0
20.0
25.5
12.5
13.5
19.0
17.5
23.5
19.0
15.5
23.5
17.5
21.0
22.0
20.5
20.5
18.0
16.0
20.5
21.5
28.0
24.0
23.0
26.5
20.5
30.0
23.5
20.5
20.5
24.0
25.0
19.5
22.0
30.0
32.0
23.5
31.5
31.0
27.0
25.5
26.0
28.0
22.0
32.5
29.5
27.5
32.0
32.5
30.5
36.0
26.5
30.0
32.5
36.5
28.0
37.0
36.0
36.0
36.0
40.0
34.5
33.0
35.0
36.0
37.0
36.5
40.5
38.5
39.5
39.5
37.0
42.5
44.0
38.5
49.5
47.5
45.5
47.5
50.0
48.0
46.5
52.0
45.5
43.5
51.5
47.5
60.5
52.5
58.5
66.0
61.0
58.0
60.0
66.0
61.0
68.0
75.5
74.5
64.5
56.5
56.5
60.5
73.0
87.0
100.0
