15.5
17.5
20.5
16.5
19.0
24.0
24.5
30.0
29.0
38.0
47.0
45.5
54.5
55.0
68.5
72.0
77.0
76.0
79.5
88.5
83.5
92.5
87.0
92.5
91.5
92.0
88.0
90.0
92.0
92.5
92.5
92.0
93.0
88.5
89.5
90.0
86.0
92.5
88.5
93.5
91.0
88.5
86.0
91.5
88.5
91.0
89.0
87.0
92.0
87.0
90.0
88.0
86.0
87.0
85.0
87.0
84.0
85.5
83.0
86.0
89.5
88.5
89.5
91.0
90.5
89.0
89.5
82.5
92.5
90.0
94.5
92.0
92.5
96.5
96.5
96.0
96.0
96.5
96.5
96.0
96.5
96.5
97.0
99.0
98.0
98.5
98.0
99.5
100.0
100.0
100.0
100.0
100.0
100.0
100.0
100.0
100.0
100.0
100.0
100.0
100.0
100.0
100.0
100.0
100.0
