24.5
36.5
36.0
30.0
33.0
38.0
51.0
54.5
56.5
61.5
73.0
78.0
81.5
79.5
83.0
83.0
91.5
90.0
94.0
94.0
95.0
94.0
97.0
97.0
97.5
96.5
97.5
97.5
97.5
96.0
95.0
98.5
97.5
97.5
96.0
96.5
97.0
97.0
96.5
98.5
97.5
99.0
98.0
97.0
98.5
98.5
94.0
96.0
92.0
94.5
95.5
95.0
94.0
94.5
95.0
97.0
95.5
96.0
98.0
97.0
97.0
98.0
95.5
98.5
97.5
98.0
97.0
97.5
96.0
96.0
96.0
97.5
99.0
98.5
98.0
98.0
100.0
99.0
99.0
99.0
99.0
98.5
99.0
99.5
99.0
99.5
99.5
100.0
100.0
100.0
100.0
100.0
100.0
100.0
100.0
100.0
100.0
100.0
100.0
100.0
100.0
100.0
100.0
100.0
100.0
