100.0
100.0
100.0
100.0
100.0
100.0
100.0
100.0
98.5
99.5
97.0
97.5
98.5
98.0
98.5
99.5
99.5
98.5
99.5
98.0
99.5
98.5
99.5
98.5
98.0
99.0
99.0
99.5
99.0
98.0
99.0
98.0
98.5
99.0
97.0
97.5
98.0
98.5
98.0
98.0
98.5
97.5
97.5
98.5
96.5
96.5
97.0
96.5
98.0
99.0
96.5
97.0
96.0
97.5
93.5
97.5
97.0
97.0
94.0
97.0
95.0
97.5
96.5
96.5
96.5
96.5
97.5
97.5
97.5
98.0
97.0
98.0
98.5
98.0
99.0
95.5
99.0
98.0
97.0
97.5
98.0
99.0
99.5
99.0
99.5
99.5
100.0
100.0
100.0
100.0
100.0
100.0
100.0
100.0
100.0
100.0
100.0
100.0
100.0
100.0
100.0
100.0
100.0
100.0
100.0
