100.0
100.0
100.0
100.0
100.0
100.0
100.0
100.0
99.0
95.5
97.0
96.0
98.0
98.5
97.0
97.0
96.0
94.0
97.5
97.5
96.0
97.0
98.5
96.5
96.5
97.0
97.0
95.5
95.5
98.0
95.0
93.5
93.5
94.0
97.0
93.5
95.5
96.5
95.0
95.0
95.0
93.5
92.0
91.5
94.5
95.0
94.0
92.0
92.5
89.5
91.5
87.5
91.5
93.5
89.5
92.5
92.5
91.5
92.0
93.5
94.0
96.0
95.5
93.5
93.0
93.0
93.5
95.0
95.5
96.0
94.5
97.0
96.5
97.0
96.0
96.5
97.5
98.5
99.0
97.0
97.5
95.5
98.5
98.5
98.5
99.5
99.5
100.0
99.5
100.0
100.0
100.0
100.0
100.0
100.0
100.0
100.0
100.0
100.0
100.0
100.0
100.0
100.0
100.0
100.0
