100.0
100.0
100.0
100.0
100.0
100.0
100.0
100.0
99.0
98.5
96.5
97.5
96.5
97.0
98.0
97.5
99.0
95.0
95.5
97.5
97.0
97.5
99.0
96.5
96.5
96.0
94.0
93.0
94.5
92.5
91.0
92.0
87.5
92.0
88.5
90.0
92.0
92.0
93.0
94.0
90.5
89.0
93.0
89.0
90.0
90.5
86.0
89.5
85.0
89.0
88.5
83.0
91.5
90.0
93.0
92.0
91.5
91.0
93.5
93.0
95.0
91.5
94.5
87.0
91.0
89.5
90.5
88.5
91.0
95.5
92.0
93.5
95.0
95.0
97.5
94.5
95.0
98.0
97.0
95.5
96.0
97.5
99.0
98.5
97.5
98.5
99.0
100.0
100.0
100.0
100.0
100.0
100.0
100.0
100.0
100.0
100.0
100.0
100.0
100.0
100.0
100.0
100.0
100.0
100.0
