344000
109841
804199
252129
43385
40757
44924
63276
338504
30941
32783
550090
376619
282468
21846
20666
22596
23089
22768
22090
23522
24211
24186
24186
136847
26749
25187
258270
72788
25394
25806
26251
24947
28932
356195
23387
24283
22600
252080
23732
34243
27494
325285
674694
28809
429486
29799
173944
28646
591800
13202
12732
13439
13821
13656
13649
13756
14087
13465
14880
13707
15097
15134
14464
14783
15153
14771
15281
149898
15942
15772
16268
16587
121144
16775
16128
16508
16363
196181
31112
17208
17120
609081
17125
17234
17774
16857
17260
18629
17457
18621
161156
18435
18447
515815
34641
18063
312532
18310
19460
19108
20037
20321
325295
20242
21233
20074
20156
20340
172209
20826
20938
20845
20761
25373
21506
21183
21541
25238
21827
22123
21825
21757
22826
23017
23811
22768
22684
22919
24153
157943
23843
23743
23380
23145
23934
24663
23962
23827
30383
181757
24777
25240
29210
26341
196060
26043
25853
26062
25850
131865
26944
27638
29026
704607
31251
28311
28730
28071
196794
26858
27878
141843
28332
29875
227808
29454
43594
519081
29307
30464
29468
59020
449575
31794
325451
31868
274590
32064
30713
31968
31819
33533
34599
32576
33779
433867
364804
107846
31489
32923
130766
247610
35050
160902
34513
36226
34504
34447
34734
36629
35723
35090
234764
36853
35893
36601
37388
38822
37823
38105
37209
39327
37555
39355
39676
38547
174144
40144
42877
40279
175809
40335
574656
42773
152526
41034
41960
41013
41688
42759
44479
41709
43767
44060
43958
42409
45503
44589
43133
44547
51209
46202
46626
46335
45881
49987
67625
46162
48330
102829
75957
142716
49258
62128
65273
86510
57677
47317
68521
141081
101705
284403
86014
92234
68658
64905
89787
82969
80557
61683
62882
73724
105844
87983
73964
88584
124245
224630
66765
83185
68479
68481
338972
95542
71454
213902
65511
62801
59449
64172
56157
55167
60594
61648
60873
63422
59835
58715
331124
59355
189472
65275
62435
63432
63474
62626
68958
62908
64854
62750
78566
64524
70726
66449
70886
64514
70192
65688
61665
68553
66603
65452
68237
70406
70307
67289
401682
416547
73435
67855
185733
512094
68903
71936
68733
66926
100864
67184
91799
73698
69841
69087
73221
73233
72707
72858
99437
70565
89922
76238
76378
96688
77302
74336
76460
269741
307276
79688
387472
79528
78110
196607
79523
78117
81593
79642
82263
80000
194293
79805
78715
84968
163449
82121
83339
93598
81351
173951
564680
87380
87192
87408
84149
86600
87804
85937
86968
88719
91063
233623
90297
91645
126976
93326
92886
150684
98914
94856
88521
98196
97489
350365
93047
100369
93249
754700
95242
95137
125118
138835
95361
101090
123253
102450
533617
648972
1378171
347423
100655
97714
96397
103507
100787
106538
334437
586047
450171
290705
103269
104713
384415
109054
125025
120203
145002
147651
103863
109604
235795
939344
111431
107534
123395
562122
158956
215918
112914
345672
131038
249791
334367
118904
631660
479043
272127
448762
117573
123952
236843
389234
121281
349178
380811
256680
410024
411628
512679
130721
1121583
122299
549823
758623
704600
125618
194777
283255
166252
124191
704323
1002422
127309
478727
131106
128973
685401
127767
250392
287368
268258
136365
177462
711689
137955
554488
139419
136344
530458
411304
140522
345183
538660
542517
146848
141787
543879
677760
143642
547057
140835
675355
502989
1211620
143598
148096
552616
144997
499874
145996
156118
153927
154107
172426
167772
168042
166974
153678
159505
153874
164366
153276
447000
163291
962042
421459
163254
158998
164345
154603
170533
168410
163994
156840
158171
171686
165037
179226
172696
170154
1029411
678696
168953
172347
171530
434424
661776
841263
312919
172142
389053
190668
246120
179431
185281
176321
235493
353047
1506120
183373
194903
185246
190280
320929
178411
182160
260256
407067
492709
451053
224872
428350
340411
379589
625235
313585
257570
753976
793795
995980
466174
189290
530905
1262464
540185
280065
1270564
734998
457020
196435
886793
436142
325157
700382
406690
770253
907010
261991
934080
479898
202777
679685
452033
563677
1006685
214664
749501
521006
208932
592833
1009618
621943
484062
619208
320299
214473
1126526
293559
282612
851437
766731
811341
226381
993126
764822
686341
503434
532635
533808
556136
368585
600150
512916
374470
683017
382190
507389
290586
254478
238533
252506
261785
605919
650336
258049
628531
1060465
616456
1450091
636589
247894
601326
263874
604236
799873
687866
294341
362019
299940
730155
705795
275568
267624
256049
302803
278871
431353
419182
281278
278380
267669
282207
308752
759910
329010
280405
327842
337270
345674
330607
284961
343200
323323
333843
316755
622590
1805450
562494
286498
347777
342713
357084
313631
319556
318373
354793
739726
320334
1051074
565088
366280
307338
319153
356048
307013
613599
328803
346941
326675
358956
310896
392424
747797
901311
1020306
420423
621422
863594
1065624
548824
2593362
425156
409577
486330
386536
534681
575431
939178
822958
546428
726428
873262
630711
3804243
363928
386389
372759
371304
356567
419033
791124
387721
532057
822693
777966
488872
782033
713910
394121
423023
392161
417320
421510
382287
400909
438596
403419
406699
443969
1136413
1061550
401855
393136
405105
460729
949918
503278
831260
902072
780304
969718
1348260
1044320
823959
841203
847807
923839
741632
1290552
1371938
866800
1115139
718043
679313
1131556
1328765
1097548
671635
581193
488886
497251
454201
462556
512814
840393
859264
827228
1428307
1287875
1048431
1405960
479022
491887
686586
1636446
1343769
1701699
842693
1005097
712695
805679
731170
504903
971580
976350
862293
715980
1132329
1057615
1225670
2041802
1130839
965017
1274489
1045186
1273872
1224655
1194549
845987
1696025
1303873
1109801
1924183
1109244
584785
1593268
1191564
664509
1618159
950337
1233364
2116980
1460546
1656232
1405118
1531409
1336606
1154755
1103971
1464555
1957818
1051977
1030761
1261387
1009516
1282285
2185543
2952833
1839344
2483011
882824
1051132
1145127
1560545
1167250
1395954
1838187
1276922
687806
1425115
1277196
1151214
1365157
720107
722745
772379
734353
1021440
4136913
1493665
1252377
1505540
1517481
3038396
2470081
1011990
1029225
1591079
1727000
1646748
1570681
2661181
832831
1605083
1641258
826713
1290522
1604868
914958
2297538
1148383
872005
1600929
1135176
1341385
3216430
2236464
1923489
1748497
1365499
1574348
1852889
784357
2158514
1203965
1427832
989155
2036625
1409175
1212472
1956300
1250831
1512848
1785916
1308138
1396250
2042266
2118921
2911280
2508952
2825100
2605487
2020655
1684357
1716237
2862060
3149893
2907827
4242769
3224911
1489677
1746691
2628395
2838205
2745165
3241364
2267567
2043323
2045800
2453114
2274891
1928445
1694447
1813941
4606835
3230145
2866833
3536250
3427866
1967859
1831713
1670363
1889516
2096470
2413272
1930299
2099077
2528112
1609937
2214771
1924129
2196927
2172003
2391062
2529520
2771192
2111756
3954541
1450684
1613503
1580806
1534098
3846080
2650511
3032771
1655589
1309675
2141457
1460553
1354401
2176151
1525268
1478588
2282382
1708939
1414670
1466685
2046386
3689275
1553954
1508755
2944315
2770508
3627067
1614956
2169361
1611096
1653166
1510692
3637091
2102862
2787309
3092385
3286497
2451727
2809936
4066755
4017868
6385681
5415840
5039127
6058309
5063742
5162590
5086114
3959903
6947450
5690330
3151227
3478971
3417054
3426690
2124450
2107102
2011696
3313528
3342908
5796363
1787275
3188261
2116849
2604402
2249590
1964437
3288523
2705237
6102459
3572859
2232036
2021437
4314582
2973390
4548471
2562809
2449545
3934992
4634602
3357498
4589624
6175324
3105185
2444102
2377904
2458862
2532105
2607973
4265731
7348560
5077763
2845615
4635808
7419446
7010898
5100283
6570991
4667185
6558212
10031366
6325990
5992125
9827853
9951740
9326753
6907593
6642590
5374133
6157151
6573922
7581248
3201047
3181233
3127183
5004176
4667637
4597453
7139658
5209945
6303599
7012449
6537942
5890702
5887953
6151003
6805052
7290203
6334848
6751095
10054560
8134807
7019118
9404829
9409595
7426279
8105213
9154262
11748321
7675415
7992934
10031787
8741570
10238564
7786867
6552814
9244457
8740259
4534077
10911799
10395847
9121341
8710607
8891410
7863150
8319831
8160297
12568036
11294385
10601997
13718622
8387409
9659931
12035857
11088381
10648216
11377098
13978432
8351620
6483494
9690398
6812765
10763319
6278237
6219208
7252379
11547923
7837477
7984644
11803579
6755842
6773959
8636293
19441557
16520469
14149771
17283650
18784979
16477896
19460717
11202297
21051829
7798685
16376577
14890590
18839260
17140121
12662641
17423880
21890292
18789305
16033447
18557299
16149004
19562199
11766647
17936400
15825066
15598675
15388521
19600136
20780063
24052893
19433996
23236753
20727384
13790957
20772476
14864618
28662371
24022261
19304526
24634031
26089446
24834973
19261944
20761785
20930475
22541714
28672780
31372492
29614957
22884742
16749453
15241614
20119246
21918071
22342524
