5403710
1455250
1353437
2152485
2328552
1181081
1791324
1718810
1279566
386559
1264783
1340126
967271
860991
818812
1253348
712383
816819
57986
98560
59772
84833
156414
225866
64533
285294
127918
65373
271016
69000
70318
70092
72334
72302
72730
217304
79935
75337
226832
94227
79428
187007
83811
81977
97382
317614
103968
102182
231568
93084
221001
153476
151404
133788
419536
121665
385961
99125
109971
106931
202628
402350
115163
113822
110831
121535
409432
424125
200949
260477
296262
248770
368401
122357
385468
408958
695786
134595
287876
147828
881627
262680
292239
600942
163626
938676
397357
235544
828790
249365
988824
419732
286530
141556
363449
1077946
156267
190333
1450040
341784
286018
422502
164925
705960
337547
569713
585030
185472
165493
585740
193644
172787
178053
175958
450534
585765
609579
199455
587011
601247
623496
770209
217557
596425
658824
859261
355049
379382
318855
336367
299342
234184
261702
211581
227701
218125
235118
240223
229389
234838
242088
248921
538972
1188868
835513
227137
248083
269457
355438
371024
401014
424723
313412
256825
297135
281418
291680
285078
300305
440246
655690
439765
608888
610801
681620
649212
577974
348957
414936
390664
687326
430618
749788
1240884
1259394
968845
1119006
1488750
1258158
482961
501735
583114
488574
457204
672506
702435
776474
419622
355056
484447
697756
592149
499470
785109
953955
717842
588366
399580
398204
386818
529119
387996
387984
399552
397683
435220
409821
429621
719805
1073099
1067682
963963
542741
971878
971485
789516
471365
499411
616013
611520
867014
885310
915635
1172071
1800184
1269053
1234551
752553
1195743
913707
1078463
945143
1514398
1273432
1836893
1251981
1037066
1228570
1078039
1084870
1288485
1254780
1012570
1159747
1236768
1273893
1364619
1280502
1404412
1890191
1582673
1758503
2138914
1385271
1431439
1860245
1593373
1312292
1491840
1969084
1236370
1724935
1885908
1902797
1479168
1762449
1271306
1511176
1281801
838006
843475
859078
801989
941495
832766
892247
959465
868806
850659
2616135
2917151
2071725
1427264
1541313
1531153
1401872
1539080
2366120
2655346
1930373
1775295
1796676
1638856
1621509
2507127
3046686
1884694
1886375
2220484
3217154
2490286
2245669
1085117
1795160
2216180
3249815
1597949
1071065
1085659
1089228
1098098
1164608
1842988
2262210
2375620
2736560
1786812
2063616
2386211
2362234
2218298
2586397
2556125
2137643
2654418
2418254
2525519
3067617
1895038
3262891
3851642
2383384
1489323
1521187
1668750
2290961
2933152
2996028
2902764
3285913
3690145
3053754
4227986
2891410
2948980
3044309
2221155
3363214
3718878
2908693
4762630
3114842
3118054
5076790
4636958
4729626
4787184
4103638
3204187
4640629
4707323
5208683
5033491
4459940
4463980
3973412
3574046
4372138
4093968
3557214
2198589
2156428
2147212
2850967
2300569
2156119
2181061
4596324
3071584
2185920
3187260
4495985
2999853
4591987
4229790
4203099
6597526
2490316
3834295
4710338
4870174
4486576
4000184
3999996
4533309
6364922
5399434
8048185
5629419
2655458
2756551
6704060
5768454
6140175
3680810
5308137
5593637
7328345
8291201
5923609
6418518
6893492
6117786
7323889
3859762
4018101
6472619
7787759
3378947
6391776
3068029
3271556
6644250
6866802
3790195
4430179
5535776
4694530
8684249
8783861
3764691
4449236
3695597
4252037
6606456
8390189
9878823
9055073
7137865
9257129
11083495
9047905
7653093
9977113
8024414
10025283
12649751
11312260
8044000
7796785
6761160
9193541
8387835
8975568
8283727
12254428
9659070
9375128
9825264
9325836
11772323
10966436
8423054
12397428
7950059
9655543
13842020
13017835
11805050
11831118
11092204
8338872
5558756
5714972
8339363
5511871
7040725
6845570
8885375
6246639
5964636
13838794
14699930
16446891
14867553
12006582
12398692
12043014
20547331
12650149
15740432
10831491
12851024
13483562
12935886
16923211
14887524
15427632
17256940
15962881
16066281
14386724
15649790
16970265
15063139
12418338
7857188
15170874
14441068
16618882
14398092
17418034
10134498
18075813
18152224
18931846
19080925
24109676
14485585
14512827
16022752
14130635
9334403
19853639
22070846
20504406
22797633
20087587
23345207
22906285
15996207
13121489
19947019
11995973
12703943
13065751
21521849
25712969
27376260
21035361
26805566
27956858
21341671
19551052
20403628
20410379
27264672
28720670
31366840
28027814
22694934
21951802
15102183
28835785
26622189
32011535
33476417
33308246
27355689
20276675
27565726
29234893
29617611
29973543
31680318
34292359
34734475
40786804
23626037
33214733
33059003
36557679
40458787
36974175
36271979
37201681
36800827
36833701
39245563
40602658
38588808
41153399
40578498
40978232
38498708
42979087
41115754
43631316
43247035
44671877
49150379
39692289
40129637
58074673
44898428
38622271
49697593
46993876
50687977
48058462
