310812
44004
48083
389088
55423
59069
700366
298099
88654
37898
29026
26476
26169
25543
25396
25827
25852
27277
33174
34082
33414
617373
205349
35872
34333
256936
34445
39627
155962
232417
37465
396346
309999
559884
33633
40298
926311
32289
277416
30879
23038
18191
313089
22135
20449
289480
24965
21539
21641
23825
153040
22225
49950
48279
377568
38212
39343
244379
40663
191888
46768
219194
71175
499274
46579
44742
50327
28411
32639
26358
27720
25929
148922
243457
27850
74185
296988
31875
25957
26702
144483
28914
27913
34203
52020
27996
29479
163598
29722
212762
29961
71217
27899
26989
27696
28248
27962
30578
51233
30320
81213
27571
30106
27394
372668
27824
27638
28525
28360
29684
27401
829388
28500
29738
29244
29242
30378
563588
30285
31035
30769
30841
31144
30066
31230
31493
33127
569013
35989
259842
698554
32287
34187
32292
34720
33055
166594
35442
35286
34043
639590
569213
34948
46882
47203
46500
49028
45226
37511
36615
36827
37083
37651
40421
40303
40817
40761
38482
39222
37774
337440
39295
40899
39856
38806
41825
115459
41793
41765
669056
43003
42242
42361
42528
447168
40773
45748
42305
42298
180244
44980
45403
45103
47415
45566
44079
54164
48518
50765
46921
224188
45880
47957
49366
46882
49035
49033
47550
51356
49352
48490
183845
185044
62100
185232
49757
218570
214801
102177
55749
77344
66647
57639
129634
56657
59022
57514
57737
54047
54285
309685
54427
226176
57139
57963
60657
57723
60419
380837
59900
297838
320974
62372
61041
65101
56855
62931
65171
64351
63252
61220
67743
69056
67264
65792
201787
69426
204420
71519
69256
70551
73361
69848
73037
71536
69131
209354
766927
516194
87883
75943
614107
238901
75610
74474
73542
75028
606271
612962
75291
78007
615707
614237
76860
76711
75365
173239
82896
78548
79221
110996
94360
86063
82075
95226
90032
121488
82308
89822
97852
84577
88640
215637
84742
115254
86884
94353
195306
91599
93282
88100
90984
94194
93170
245610
205181
243704
202656
97647
95605
98688
104948
104701
94311
108165
102694
99374
102473
102997
132612
301288
291014
103069
104517
113072
97400
99267
106084
188322
107048
235823
212657
122289
122771
185933
256638
265976
181314
359398
309971
111177
330184
112870
109688
387083
425105
557233
398491
113014
303371
111038
307355
551587
461643
126992
109217
248916
115394
119133
367898
241073
541502
247838
269156
271996
172719
349010
338159
273675
353059
120736
379664
263248
259744
513796
126745
233302
488758
388343
246325
129418
314129
134309
195166
265243
408219
208182
822530
394056
555708
514245
770842
713363
142657
138208
173138
148799
144417
139435
142615
226423
270928
520918
150980
662234
647023
659620
388161
313757
395348
268390
245694
466637
158097
828150
289163
200777
326112
359654
503499
354651
254673
154298
429526
771753
320608
197578
284356
162932
385246
503264
234827
573832
431868
374477
174966
530074
448101
426017
382886
382029
251680
240268
682593
220055
634766
317465
361116
428294
735095
825386
487131
679038
452585
190559
217995
197986
259656
312155
188052
708928
960487
332612
198221
208350
343542
461622
604171
286209
678163
443128
201797
528363
623061
339687
316702
369509
467627
385407
530926
485680
501963
462577
493910
592067
258862
555650
514301
510868
845861
583868
554637
549592
337231
489338
231498
436277
544173
332945
283085
239173
283460
331266
365635
514127
562606
470041
380753
248001
340816
651349
273794
288290
287431
290982
233870
320587
321951
414934
732320
240740
680999
261988
601582
585579
556576
262680
342520
262016
326680
359126
282999
1939799
743157
366557
315179
311652
314932
310845
270835
325027
424528
344797
306985
284184
433048
307527
317936
266351
267524
295405
351231
297025
328323
334814
321894
272681
369532
716774
1035113
320676
318541
608911
550030
404166
545677
589406
894054
299497
326654
300750
288907
601887
1041163
868893
399699
742347
627642
1498707
684020
1008806
357675
577524
1009239
325658
1196800
1285545
306195
1330034
1388705
1229795
560602
626850
860935
704824
634813
645943
828510
786634
657779
855569
678813
694743
940815
1045177
911102
614139
419376
644737
741267
772090
692578
1326239
1410735
975408
821438
963095
581766
334053
965946
1079788
481069
1076775
1173603
861641
748246
834624
1153065
731757
846418
769790
507548
1188889
884318
825912
1200464
373541
929087
1935106
635048
616330
762424
755354
1164338
915570
1003635
851421
797536
1151862
940345
1354790
742610
692059
954886
557643
630419
431521
1212826
1104847
859673
1277557
660670
782485
721623
854326
839839
998623
945255
433127
436195
514404
886737
1129242
814347
1568490
458282
703753
464505
454252
578292
1251876
1118315
481374
1234693
1286124
635436
867612
1414118
1197736
599131
479800
539095
868187
831153
718794
904467
483760
576353
812195
1320119
836558
721751
850627
510693
1266206
749136
538692
1166971
502447
1541131
2252046
2543992
2003918
1333274
740904
948686
1428491
986235
1199882
1645896
1904820
1729977
1773484
1520130
2160242
1784477
1937117
2399674
2764683
1433902
1410461
1294829
1336415
1747615
1820699
1620031
2041851
647559
646599
654266
617594
646998
585914
654331
657336
666378
629230
1742765
1101085
1885600
2722764
2711615
2302038
2550713
2012038
1435652
1223351
1181016
1354175
1073020
2250530
1324933
1709656
2094719
1390945
1244178
1424513
1172977
1000388
1199582
2483223
1826107
1760028
2473743
1519362
1936545
2111460
1655638
1409364
1432083
1546982
1563155
1588344
1209071
1555190
1649136
2531811
2654031
2955894
1649646
1721280
1438635
1927642
1458819
1904793
2321489
3120673
2229880
1688752
940149
1175258
951724
1038875
975829
1341171
1186629
1315623
2046663
1082167
2367342
2810201
832084
2474835
1833859
3173853
2332605
3008490
1782377
1918761
2778500
1733376
1417007
1141441
1380506
1208819
1543222
2630276
2642123
3147835
1237645
2171416
2640789
2776600
2596356
1605944
1581025
1696384
3438710
2718208
2964552
2505870
2780313
3062847
2597443
2228043
1642352
2029995
2249771
2587040
2368764
2302869
2408823
2657192
2515801
3205931
2907134
1664820
3028378
3659259
3179652
2113895
3561863
2841220
2073275
3382092
2682382
1711954
2340248
1325799
1202911
1376597
1801611
1835615
1151633
1515223
1136655
1182845
2454970
2557909
2605724
2055484
2243423
3336073
3386422
2672770
3978301
4702250
3289368
3787956
4397728
3607095
3596404
1728639
1851124
2190257
3948593
3179366
2208283
2794803
3448732
3303301
3281255
3737907
3178649
2338574
2152631
4427176
2910540
2677568
2617099
2345149
2577755
2772300
2911613
2883946
2737242
3345353
4678439
3830473
2756577
2719181
3585549
2682508
3612391
2649226
2602209
2809165
2988017
2310116
2749039
3793389
2803824
2179588
2411558
3470597
2825808
5138903
4474761
6020397
2984751
3174074
5102054
5015907
3325050
4035776
4059668
2348622
3221366
3114881
4967240
4074538
5356721
3253495
3496457
4703936
3723397
4524832
3593285
3027044
3880973
4558312
5826511
3973841
4121520
3725643
3294962
1867365
1806286
2118623
1919725
1951889
2082087
1947496
1955770
2018766
4903516
3287690
4569207
3273454
2083086
2920960
3586996
2318546
2014017
2204472
2283514
6302598
4553702
6023703
5865615
5701064
7048654
6694431
5388666
6527676
5513969
4714156
4724492
4998673
5999089
5896701
4914181
4693108
6361903
7409440
8282286
5707639
6859021
6617943
5899900
3613872
2462694
2520809
7516493
4664696
6981593
5002277
5082338
4663400
4672221
5570978
8009144
7159457
7355730
6778208
4795391
8709152
7524809
5634582
5709741
8571397
9430966
7996456
8711014
6181840
7560465
5745139
6097656
5630408
2946638
6447218
3371981
3025035
5006295
2728806
3469400
3122694
4138193
5659083
7598871
8688888
5586632
7642121
5792121
8043872
9913823
6142159
8688744
6016833
8456322
6697006
6326730
5636605
9098049
5819883
3323688
4955895
6793806
6750476
4183027
4263840
7135479
6413599
4678318
5972037
6476468
9606189
6734238
10910258
10236299
8142734
7162251
10688777
9413969
9224112
7581259
9319108
7436953
12744150
11788235
11931223
7014765
6524661
8976888
9309088
6813492
8276909
8262901
9694177
8433749
8731664
8325821
12524907
11539055
8624830
8777168
10970310
13868455
8937409
9132420
11951996
14748239
10275308
9353621
9184068
10626742
13169789
8100334
12800273
12229704
11650541
12105857
15490044
13170222
12145559
13144264
11102075
17805127
17804745
12677566
13842039
8023182
7854881
14378825
15518616
16579096
13667899
11049501
18031624
14775754
17085738
18372527
17787077
15950654
17911588
18641066
21234411
24194308
12827061
16276557
21421837
20066157
24477987
19861929
22894473
25713283
21855158
23477112
24660154
30096539
24479318
28419109
30783847
36432719
25725836
24398919
30730323
28885046
25608409
24147656
20222981
32142136
33534895
41033274
36672526
38341549
43298429
45561310
38942191
44483619
43949220
47881377
41773899
45207527
44632872
60905857
40863725
38408145
58863621
47051465
40823184
53087181
59708733
64315145
65297661
68917807
55270999
68235257
63952988
71892210
76351673
79976364
73995904
76112567
68299018
81231479
74728723
79979905
75541540
87409888
84141819
93959541
82355677
88404984
90651974
77876765
94447061
81647030
92169819
89217972
90923640
97306740
83783007
87455155
