973378
301034
775950
553908
403089
1804815
275831
106184
420307
73906
62272
59262
520331
63741
86754
30197
577396
29475
32580
33509
36114
36303
32976
270658
36105
43750
33488
468460
52597
131590
269552
32273
32765
33486
345060
47475
39772
41672
46770
76874
202553
54413
461872
51640
364208
613907
220004
446227
54795
148638
254727
128065
308393
310309
85856
465620
477823
121495
96725
521127
473009
398982
234098
502347
93592
401934
88535
315012
93182
204998
124864
303525
341090
111396
507669
822129
338364
155692
246406
136828
195136
519384
150372
120601
296841
172147
333294
228257
186206
332241
295284
179026
633520
352994
1239443
221788
472951
472599
429540
698238
169337
147309
158015
154726
166839
265750
839997
192466
231947
282771
199659
158167
424812
300406
411050
634740
727196
848580
368559
171241
200905
403296
606476
402227
165374
682794
174833
354621
183764
180111
173075
186920
179289
612005
433097
209079
361002
395578
592393
819254
271903
513789
782115
635071
202423
279334
272692
360369
344301
371504
285064
270402
508223
288614
378835
310817
619636
400162
546510
701006
557731
860537
610005
297021
316637
269966
229370
327334
341025
324848
222377
250513
237020
259860
234173
234762
438265
234520
244663
284274
480664
443263
579158
374859
1252608
246183
551492
645116
515165
570433
505329
256934
585011
271433
287736
285462
282990
308258
246367
274953
280794
308037
272099
294886
277486
288251
312132
272902
597601
757729
550565
435022
305753
288886
308090
297163
300915
348819
320343
288502
474150
980832
312227
749594
693286
526051
683038
971727
803847
722484
1183940
1111943
831758
2129167
1253076
1471627
1381516
486847
984964
913081
1103571
911405
833800
473267
3099754
2287721
1079497
1044825
1249742
969343
835313
760094
1215254
357310
1279392
1094890
364185
624623
909719
802483
1134308
1193152
486083
385474
352670
743441
982019
623391
1955940
1796902
901504
1147585
1093754
1412686
1522365
1504055
1975449
1635689
584403
683501
1142018
821300
530067
445675
431253
590342
1901957
1922993
880475
902754
459946
1560007
827954
620621
651023
1068836
912690
765199
972740
1246732
1625141
1388279
1970415
940370
616661
1314662
1253595
1248936
1275930
2048547
1025893
917102
1170688
1623199
1295451
1208244
1191240
1760580
1025835
883582
936206
1604442
1351449
910336
1532329
523690
2187380
2116249
1637398
1716617
827698
808114
1158964
1237934
904828
939784
670485
660149
675928
629363
595241
640481
613446
608364
626560
656089
879038
1659303
1985552
2427329
1853766
1487984
1905202
1826438
1561611
1734254
2317948
1315697
1329256
1543636
1162335
1144845
1303382
1103012
1949451
1369510
1244024
1617002
1631755
2115937
2369319
1554392
2099456
748230
710006
721183
1873313
757496
729438
791949
798386
798385
1116824
782571
1488336
1399572
1291719
2160933
2091380
1617926
1529710
1574269
1595964
1372162
2114717
1460509
1710196
1699007
1609215
1660171
1299736
1834106
1735297
2195621
2547060
2652467
2305269
1805832
1718826
1648999
1527009
2522357
1899543
2309246
2557152
3509179
4520400
3320101
1752708
3176497
2313355
1591256
1367268
1348369
2226931
1692582
1105922
1007288
1010675
2646733
4070857
1453725
1069412
1136117
2066887
3722274
2997808
3238433
1688631
2358181
3738054
2071680
1437738
2546043
2967809
2872744
2290989
2035060
2309474
2039935
2758744
3047924
1950837
3426394
2506389
1882613
2047364
2368434
3271363
2093750
2103286
1833864
2279710
2510291
1577940
2962159
2375050
2889375
2298765
2442331
3057283
5069634
3134616
2254807
3077914
3056145
2024724
1882720
1201835
1856427
1693209
1264711
1242215
1237408
1315281
2211682
3773929
3326049
3945783
4698344
3584387
3227393
3653367
4458953
3551915
3349797
2283355
1285261
1422303
1332450
2097005
1603288
1768916
1871844
4008528
2285653
2945625
3349704
4548765
5470341
4836413
4725586
3428136
5311187
5466065
4034628
3234829
3221599
4832576
3151785
2391002
2813376
3082230
3981204
5036753
5219483
3931666
3627153
4372855
3058806
4437831
3452443
4291884
4668026
4070056
3171131
3836549
3841463
4433943
3723320
2766939
4382587
3259262
3437147
2697722
3438219
1684718
4766788
6517195
4135379
5126911
3451672
3210242
4308276
4830157
4232053
3506945
3273426
5800067
3605260
3606615
4287128
3348551
3550667
3495246
2953201
5116551
3862097
3324859
3877336
3850163
4564083
3831518
5427682
4036958
4183756
4030247
3444574
4347212
4819849
5192378
1858607
1894749
1776829
1905293
2035249
1995577
1884904
2191277
4414038
5432816
4371668
4022534
4154238
5487806
4124465
4543766
4276947
4730611
4442299
4967174
6011939
6689803
4556862
4176336
4242885
4575330
4824391
5480529
6462786
4406554
3642611
2309956
3973223
5086580
5882251
3581148
5459237
7573530
6166512
5485022
3479434
2545509
4745491
4141485
5302038
6105445
5529972
4490927
4820096
6969938
6724842
7490102
8110922
4659784
4968497
7674432
6644022
7055643
5163149
6901450
5132934
7133078
5344848
6258114
5153441
9194230
5915831
5831258
5637951
5660752
2808113
2849927
7630644
5206351
6162476
4970099
5351418
6299078
7643693
5635365
7332894
7388635
8838679
7727926
5560609
7985114
6515749
7340512
6346551
5216531
5594084
6265489
5958888
5028760
2983603
4030877
2837849
3112465
5536290
6541381
6114755
5879583
7251152
6269933
5634331
6186734
6005591
5982080
5808862
6247277
6573922
6150332
6074063
6508627
7046950
5677660
6935746
7632045
5931513
3149301
5508519
6350954
6079618
6570765
6650845
6365485
6834377
6223303
6860253
6559558
3853425
5894499
7566946
7169957
6199126
6467302
8240640
7972717
7294803
7393323
4150972
6774527
7104462
10449888
6928229
8388545
7283719
8608762
7011545
8292451
6881124
10167931
7314521
7970594
10868090
7813542
4436069
4943754
5728351
8562771
7349572
7726373
7650600
9893192
8202777
7751183
7669851
7136780
6573997
4970387
7939331
5645264
6036112
5495868
7461926
8179617
7408735
5582937
4024287
4634260
7897645
9092851
9038681
8289929
8575524
8204376
8431684
8612775
7615919
8681546
9217871
7976573
8296064
8978979
5399520
4548257
5095335
8844413
9070592
8312125
8013917
8811646
9531782
9372220
9611140
7980893
10090105
9835582
7446526
6976701
4974163
4807552
6103511
5406786
7744429
10849769
8399804
10439926
9726581
9770367
9879922
9762619
11595447
8929312
6278621
7694609
12361662
10246861
8048865
8092733
9811822
9645782
12045770
7897440
11988961
10945253
11219955
9529754
10347987
12569994
13496569
14227319
5947865
5943497
8834228
11594980
12221021
11223878
8499293
5751769
7411165
12456742
12951300
13561824
12865667
10009436
12160843
11952697
7494179
6423651
11087059
13973767
12318014
12224878
12238534
12097772
12746176
11646725
12917541
8513552
9992034
15111581
8740718
12410176
13072551
11962161
13853730
13649615
12747980
12613962
14648438
14881724
15774871
15048568
11439662
12548446
16292760
20403474
15232875
17619763
21920303
14627148
14715851
15118563
13320094
15518595
15266745
14012803
13351253
14774723
15262750
15572702
11530556
12174832
14957199
8941067
9200781
16022489
15952678
15925519
15313784
14019634
17149224
9151517
18151472
21897861
19413313
17418173
17376169
14517679
10737163
17266564
11335666
9668852
17911127
17899389
16573883
14408673
14452845
14851304
17293325
13037712
12758126
14663827
17395219
20712180
19769995
19041522
18601660
14358006
17775770
19094229
11135249
23069628
23605366
19259295
15123913
14623624
20062530
20637999
23554594
20706601
22731144
16474434
18830280
21561754
13517810
17102998
19587116
22066109
21061435
11725320
22513475
24486933
18960441
21225757
22753908
20484844
23446890
21818358
22340746
16845642
22076371
17023826
24166695
23006535
22486123
24392024
23452516
18947686
25735819
26678851
22584715
32700839
21700504
16927394
24247240
22528509
22040291
20803411
21042759
14956920
27209409
25140943
19937428
25422555
24600162
25568968
20163164
25231364
26020129
27445161
28389594
22488588
19139133
35740410
33155349
24690481
23452959
23336165
16910684
27392335
20193242
30623822
29144593
27894150
29198685
37472914
30321437
30353364
29928612
31494673
31381416
31096750
24999282
26426193
30530630
31007988
36546698
29953587
24006130
38893402
31605057
40729120
35557398
23982365
29429587
40166972
34368634
36069901
30035618
36771596
36310129
34743501
28720295
34036155
36095195
31065856
32652876
36975896
40329637
37048524
34219509
35275060
37151670
45455203
36879296
37083754
38970758
47233562
30284784
35991322
41878940
38247393
45567747
36534115
47923377
43857783
41282062
43722913
41479967
42232332
41560373
49941762
40720059
37112461
39630758
49411618
40617285
42698763
43714762
45653843
48422889
43063714
44633934
43937570
45911971
53429401
36991575
44632745
47476298
52549466
53954689
57956427
52867842
49235914
51931054
47674151
53322052
52506760
48614296
63109752
56689050
53793791
47903156
48086808
64024177
58253739
45408369
38436491
54591911
61250856
75257849
61207981
47611336
57177759
47014935
53110389
52484823
59117513
70794777
62197460
44539516
59039877
63848808
57208182
54727161
72068114
41815759
51312851
65228432
53101342
69809980
64129623
54146534
80604679
73674932
76786433
40059763
73138239
67040226
79705484
74269488
78276567
68859894
65087229
65222346
77078663
83522020
77524076
82885889
80889906
80184565
75793981
93494228
78822719
85514393
93524730
95810905
94669904
101565287
114185386
105035216
86072954
70501779
83416471
94839446
88303820
84175843
114061597
93494561
114496447
106223247
122831145
93444995
113095578
116430029
134282459
127621813
124852448
150051685
149702644
149571804
204736887
168375780
158059194
161497145
171063862
190649348
189527825
203101751
167415227
225558450
205849484
210101864
206820501
223596008
272683218
240078148
279929647
248811444
264083358
324047573
328812465
328879671
355845721
372841704
368772723
349174081
366177049
362764131
366223113
370990116
360173808
416554067
427644325
389227973
411326657
384215352
438686586
406096513
430316171
440852529
486520583
427671782
538261020
522608116
533007139
461296819
456427820
483754002
491118263
456563412
530491214
457040381
511880833
463536559
498337393
466220634
456261353
341985588
324198156
315239049
