100.0
66.5
48.0
41.5
34.0
38.0
33.5
30.5
27.0
22.0
25.0
17.0
27.5
29.0
34.5
31.5
27.0
30.0
29.5
40.0
37.5
32.5
48.5
35.5
39.0
37.0
44.0
37.0
40.0
50.0
45.0
46.5
50.0
48.0
54.0
49.5
52.5
50.0
53.5
60.5
53.5
54.5
50.0
54.0
53.5
55.5
55.5
53.0
57.0
55.5
53.0
47.5
57.0
58.5
55.5
58.0
67.0
54.5
52.0
51.5
52.5
57.5
50.5
53.0
50.0
47.0
51.5
53.0
45.5
53.0
49.0
49.0
46.5
43.0
46.0
47.0
45.0
52.0
44.0
36.5
36.5
47.0
41.0
38.0
42.0
41.5
38.5
37.5
44.0
41.0
41.0
40.5
42.0
39.5
35.0
33.0
39.5
37.0
36.0
33.0
39.0
29.0
33.5
35.5
35.0
38.0
41.0
36.0
39.0
34.5
38.5
34.0
33.0
34.5
32.0
28.5
24.0
29.0
29.5
24.0
27.5
30.5
27.0
29.0
26.5
23.0
25.0
27.5
32.5
31.5
38.0
27.0
23.0
30.0
27.5
27.0
24.5
27.5
24.5
23.0
22.0
30.0
27.5
23.0
25.0
19.5
26.0
25.5
21.0
23.0
