100.0
64.5
50.0
41.0
37.5
40.0
27.0
26.0
32.0
38.5
41.0
35.0
36.0
46.5
42.0
53.5
46.5
59.0
72.0
65.0
71.5
68.0
74.5
79.5
81.0
75.0
80.5
79.0
86.5
88.0
89.0
90.0
89.5
91.0
90.5
93.5
93.0
90.5
97.5
95.0
94.5
95.5
94.0
93.0
92.0
95.0
95.5
93.5
95.0
96.5
96.0
95.0
97.5
99.0
96.5
94.0
93.0
94.5
98.0
96.0
96.0
96.0
97.0
97.0
97.0
97.0
96.5
97.5
98.0
95.0
94.5
94.5
95.5
92.0
97.0
97.0
89.5
94.5
96.0
93.0
96.0
96.0
97.0
93.5
96.5
96.0
95.0
94.5
95.0
95.5
96.0
97.0
96.0
96.5
93.5
93.5
93.5
90.0
96.0
92.5
96.0
94.0
91.5
92.0
91.0
93.0
94.0
98.0
93.5
97.0
96.0
97.0
94.0
93.0
94.5
92.5
90.0
94.5
96.0
92.0
90.0
95.5
93.5
94.5
90.5
96.5
89.5
91.5
94.0
95.5
95.5
96.5
91.5
92.0
91.5
94.5
93.0
92.5
93.5
91.0
94.5
91.5
94.5
91.0
94.0
94.0
93.0
91.5
93.0
93.0
